1
010540700
070006500
956100000
708600000
400090002
000004307
000002473
002900050
007065090
2
005041000
020800700
900206001
002600100
081000490
003002600
500704006
007008050
000190300
3
000980007
009400820
608003010
001300580
000050000
063008200
080200601
014007900
200094000
4
000207000
004008700
920140000
400072090
059010380
080950007
000029048
006300500
000704000
5
501069040
000000005
280004170
600000380
400000009
023000004
047200038
900000000
030540902
6
002790030
001000780
607300020
090105006
000040000
400809050
070002501
085000400
060017300
7
800400060
040009001
000080400
201900036
090207050
370006902
007060000
100700080
050004009
8
020080090
010600700
007003008
053092000
100507009
000140370
500300600
004001005
060070020
9
700562000
000000025
032000470
040079000
090603080
000420060
075000630
410000000
000895001
10
000000600
058006040
010400379
000903508
900050006
405608000
873004020
020300860
006000000


