1
600000943
000006050
004030072
002400000
978000425
000007100
340050200
060300000
815000009
2
150400000
009310400
000000302
730040560
090000020
086070093
905000000
008027900
000006045
3
047501000
800000200
062000000
053702090
200109007
070603540
000000630
006000001
000304750
4
000001070
450090300
020308005
090080200
060204090
008050030
500902060
006030024
080400000
5
000570280
900001700
000000690
002000004
738645912
400000300
053000000
009100008
024087000
6
901070500
032040060
000081000
057000082
003050600
890000710
000630000
010090820
008010906
7
000001000
402005001
083027000
901006480
007000300
038500102
000790610
700400805
000100000
8
000008000
600240873
002000904
000700190
509000307
063005000
308000500
951074002
000800000
9
010750004
009000300
000804009
060170030
300502001
040093050
200907000
001000200
800021090
10
000900000
900050300
087030409
803200041
040000020
120008703
301020670
009080002
000001000