1
800690017
700200950
090003000
500000083
000436000
130000004
000500060
056002009
210069005
2
000001000
651008940
000050080
230100400
008405100
007009035
080060000
043800659
000500000
3
009608005
003900001
080020007
300802000
002306700
000709003
100090050
900001800
600507100
4
100007098
000900020
009060504
900003800
830070051
001500003
307080200
020005000
510700006
5
103050004
050300080
000021003
010000002
027415830
600000010
200530000
080002050
300070908
6
300080020
000519700
010302006
904000103
000000000
708000502
600203010
003497000
070060009
7
007100082
030009000
000030916
009600021
001000800
280001600
314060000
000500040
920004700
8
078040230
300090001
000000460
001800020
003107500
050003700
096000000
200080005
035010670
9
280760000
000050027
003004058
012009060
000070000
070100490
830500200
920040000
000082031