1
985300000
700080900
010097030
806000000
200408005
000000309
090640010
001070003
000001694
2
070048005
680020000
504000600
058100200
030000070
006004150
005000307
000010029
900270060
3
200007005
100004070
000520306
000260050
602000408
070083000
906042000
020900001
300100004
4
000165007
014000000
080704001
020040500
009201600
008050010
200407060
000000120
400312000
5
870006000
300208751
100050800
010005000
500060008
000400070
002070003
653902007
000500062
6
700400068
096800100
000000209
130605040
000000000
060907013
209000000
001008620
650004007
7
800005070
300002000
074106500
090300240
700000009
082007030
008603720
000500004
020800006
8
003060901
000400030
080031004
050007046
002010700
860500020
300670090
090002000
204080600
9
300086000
900000030
100400708
050600103
013000870
802001050
706004005
040000009
000160007
10
705004009
030000200
018090000
800900020
103406708
070003006
000030460
001000090
600800501